5 0.23515625 0.1625 0.13125 0.15703125
5 0.32109375 0.21953125 0.12890625 0.1765625
5 0.19140625 0.275 0.12421875 0.15859375
5 0.49453125 0.1421875 0.1546875 0.16953125
5 0.44765625 0.24765625 0.14296875 0.153125
5 0.5625 0.25234375 0.1390625 0.1859375
5 0.67109375 0.234375 0.1484375 0.184375
5 0.79453125 0.18984375 0.1546875 0.21328125
5 0.265625 0.35859375 0.1359375 0.1703125
5 0.3875 0.36171875 0.1390625 0.18828125
5 0.1890625 0.46875 0.14765625 0.1984375
5 0.346875 0.490625 0.13515625 0.16953125
5 0.43671875 0.4375 0.1203125 0.16953125
5 0.53359375 0.39921875 0.1125 0.1734375
5 0.63984375 0.3859375 0.13125 0.20625
5 0.72265625 0.36328125 0.1 0.18828125
5 0.825 0.3609375 0.13203125 0.2203125
5 0.178125 0.72734375 0.1484375 0.18125
5 0.26640625 0.6234375 0.14296875 0.19296875
5 0.35546875 0.725 0.11484375 0.21875
5 0.43359375 0.5859375 0.12890625 0.1828125
5 0.459375 0.72734375 0.1203125 0.203125
5 0.5890625 0.55 0.15234375 0.19375
5 0.54609375 0.65078125 0.13828125 0.16796875
5 0.7734375 0.484375 0.13671875 0.1578125
5 0.846875 0.5875 0.140625 0.196875
5 0.72890625 0.61328125 0.140625 0.18828125
5 0.79296875 0.7515625 0.11875 0.20625
5 0.6578125 0.7046875 0.1296875 0.19296875